# Parameter Document
# save as Window Formatted text
# Parameters in one line need to be separated by a TAB
# Line needs to end clean (no added TAB or SPACES)
# Every parameters needs to start with exact param name without #
# Every parameter needs to finish with a ';' on a NEW LINE or it will go into infinitive loop
# Any empty line needs to have a SPACE or it will throw up loop
 
# Separate men and women with a # for visibility if necessary
 
# CAREFUL: remove any additional TABS at the end of the data line in final txt file!!
 
 
			###################################
			###		SECTION 1	###
			### GENERIC ARRAYS & PARAMETERS ###
			###################################

##################
# HIV PARAMETERS #
##################
 
#1. Length: 24, col: 3, rows: 8
CD4_startarray
0.57905	0.83195	1.00000
0.53669	0.79935	1.00000
0.49260	0.76275	1.00000
0.42467	0.70094	1.00000
#
0.62750	0.84933	1.00000
0.58635	0.81863	1.00000
0.54277	0.78372	1.00000
0.47411	0.72378	1.00000
;
 
 
#2. Length: 12, col: 6, rows: 2
CD4_prog_rates
0.19835	0.32913	0.33628	0.50936	0.57271	0.86702
0.18356	0.30458	0.31120	0.47137	0.52999	0.80236
;
 
 
#3. Length: 56, col: 7, rows: 8
CD4_death_rates	
0.00321	0.00912	0.00733	0.01281	0.02161	0.03741	0.84544
0.00403	0.01145	0.00921	0.01608	0.02713	0.04696	1.06123
0.00497	0.01412	0.01136	0.01984	0.03347	0.05794	1.30933
0.00712	0.02022	0.01626	0.02841	0.04792	0.08296	1.87488
#
0.00334	0.00948	0.00762	0.01331	0.02245	0.03887	0.87847
0.00419	0.01189	0.00957	0.01671	0.02819	0.04879	1.10269
0.00517	0.01467	0.01180	0.02061	0.03478	0.06020	1.36048
0.00740	0.02101	0.01690	0.02952	0.04980	0.08620	1.94813
;
 
 
#4. Length: 56, col: 7, rows: 8
CD4_ART_rates
0.00677	0.01416	0.02495	0.04362	0.07563	0.04681	0.03685
0.00677	0.01416	0.02495	0.04362	0.07563	0.04681	0.03685
0.00677	0.01416	0.02495	0.04362	0.07563	0.04681	0.03685
0.00677	0.01416	0.02495	0.04362	0.07563	0.04681	0.03685
#
0.00677	0.01416	0.02495	0.04362	0.07563	0.04681	0.03685
0.00677	0.01416	0.02495	0.04362	0.07563	0.04681	0.03685
0.00677	0.01416	0.02495	0.04362	0.07563	0.04681	0.03685
0.00677	0.01416	0.02495	0.04362	0.07563	0.04681	0.03685
;

			###################################
			###		    SECTION 2           ###
			###  KENYA SPECIFIC PARAMETERS	###
			###################################

#############################
##### Kenya ART Arrays  #####
#############################
#1. Length: 13, col:    13, rows:   1
ARTKids
0	0	38	19	184	243	318	417	514	574	628	683	683
;
#
#
#2. Length:91, col: 7, rows: 13
ARTAdult_Men
0	0	0	14	18	11	11
0	0	0	47	60	35	32
0	0	0	107	134	77	67
0	0	0	187	226	124	98
0	0	0	272	315	166	124
0	0	0	401	436	215	147
6	6	157	476	508	242	159
12	13	281	542	571	265	170
12	16	291	540	567	260	166
14	22	320	550	578	264	169
30	73	350	564	599	276	180
67	177	419	609	664	312	204
67	177	419	609	664	312	204
;
#
# ARTMen_sum. Length: 13, col 13, rows 1
ARTMen_sum
55	174	384	635	877	1200	1554	1852	1852	1916	2072	2451	2451
;
#
#3. Length: 91, col 7, rows:13
ARTAdult_Women
0	0	0	18	23	14	14
0	0	0	59	75	44	42
0	0	0	134	168	98	89
0	0	0	230	283	159	136
0	0	0	329	394	217	176
0	0	0	471	547	290	222
7	7	177	566	657	343	251
19	20	440	723	834	421	287
36	40	734	882	977	463	298
50	58	920	960	1036	480	304
144	294	1034	1022	1098	501	311
287	575	1197	1116	1173	520	316
287	575	1197	1116	1173	520	316
;
# ARTWomen_sum. Length 13, col 13, rows 1
ARTWomen_sum
70	221	489	808	1116	1530	2007	2743	3429	3808	4405	5183	5183
;


################
# Demographic  #
################
 
# Age distribution
# 5.Length: 34; col: 17 row:2
Age1950Array
0.195234	0.340832	0.461397	0.564193	0.649652	0.720797	0.786546	0.834816	0.870497	0.903875	0.930707	0.953295	0.971310	0.984603	0.993392	0.997895	1
#
0.190517	0.333623	0.452722	0.553043	0.638411	0.710567	0.775817	0.825508	0.861653	0.895786	0.923884	0.947891	0.967340	0.982294	0.992084	0.997381	1
;
 
 
# Length: 17; col: 17 row:1
ArrayMin
0	5	10	15	20	25	30	35	40	45	50	55	60	65	70	75	80
;
 
 
# Length: 17; col: 17 row:1
ArrayMax
4	9	14	19	24	29	34	39	44	49	54	59	64	69	74	79	100
;
 
 
#6. Length: 600, col: 200, rows: 3
Nr_Children
6.00	6.00	6.00	6.00	6.00	6.00	6.00	6.00	6.00	6.00	6.00	6.00	6.00	6.00	6.00	6.00	6.00	6.00	6.00	6.00	6.00	6.00	6.00	6.00	6.00	6.00	6.00	6.00	6.00	6.00	6.00	6.00	6.00	6.00	6.00	6.00	6.00	6.00	6.00	6.00	6.00	6.00	6.00	7.00	7.00	7.00	7.00	7.00	7.00	7.00	7.00	7.00	7.00	7.00	7.00	7.00	7.00	7.00	7.00	7.00	7.00	7.00	7.00	7.00	7.00	7.00	7.00	7.00	7.00	7.00	7.00	6.00	6.00	6.00	6.00	6.00	6.00	6.00	6.00	6.00	6.00	6.00	6.00	6.00	6.00	5.00	5.00	5.00	5.00	5.00	5.00	5.00	5.00	5.00	5.00	5.00	5.00	5.00	5.00	5.00	5.00	5.00	4.00	4.00	4.00	4.00	4.00	4.00	4.00	4.00	4.00	4.00	4.00	4.00	4.00	4.00	4.00	4.00	4.00	4.00	4.00	4.00	4.00	4.00	4.00	4.00	4.00	4.00	4.00	4.00	4.00	4.00	4.00	4.00	4.00	4.00	4.00	4.00	4.00	4.00	4.00	4.00	4.00	4.00	4.00	4.00	4.00	4.00	4.00	4.00	4.00	4.00	4.00	4.00	4.00	4.00	4.00	4.00	4.00	4.00	4.00	4.00	4.00	4.00	4.00	4.00	4.00	4.00	4.00	4.00	4.00	4.00	4.00	4.00	4.00	4.00	4.00	4.00	4.00	4.00	4.00	4.00	4.00	4.00	4.00	4.00	4.00	4.00	4.00	4.00	4.00	4.00	4.00	4.00	4.00	4.00	4.00	4.00	4.00	4.00
#
8.00	8.00	8.00	8.00	8.00	8.00	8.00	8.00	8.00	8.00	8.00	8.00	8.00	8.00	8.00	8.00	8.00	8.00	8.00	8.00	8.00	8.00	8.00	8.00	8.00	8.00	8.00	8.00	8.00	8.00	8.00	8.00	8.00	8.00	8.00	8.00	8.00	8.00	8.00	8.00	8.00	8.00	8.00	8.00	8.00	8.00	8.00	8.00	8.00	8.00	8.00	8.00	8.00	8.00	8.00	8.00	8.00	8.00	8.00	8.00	8.00	8.00	8.00	8.00	8.00	8.00	8.00	8.00	7.00	7.00	7.00	7.00	7.00	7.00	7.00	7.00	7.00	6.00	6.00	6.00	6.00	6.00	6.00	6.00	6.00	6.00	6.00	5.00	5.00	5.00	5.00	5.00	5.00	5.00	5.00	5.00	5.00	5.00	5.00	5.00	4.00	4.00	4.00	4.00	4.00	4.00	4.00	4.00	4.00	4.00	4.00	4.00	4.00	4.00	4.00	4.00	4.00	4.00	4.00	4.00	4.00	4.00	4.00	4.00	4.00	4.00	4.00	4.00	4.00	4.00	4.00	4.00	4.00	4.00	4.00	4.00	4.00	4.00	4.00	4.00	4.00	4.00	4.00	4.00	4.00	4.00	4.00	4.00	4.00	4.00	4.00	4.00	4.00	4.00	4.00	4.00	4.00	4.00	4.00	4.00	4.00	4.00	4.00	4.00	4.00	4.00	4.00	4.00	4.00	4.00	4.00	4.00	4.00	4.00	4.00	4.00	4.00	4.00	4.00	4.00	4.00	4.00	4.00	4.00	4.00	4.00	4.00	4.00	4.00	4.00	4.00	4.00	4.00	4.00	4.00	4.00	4.00	4.00	4.00	4.00
;
 
 
#Length: 200; col: 200; row: 1
NrChildrenProb
0.48	0.48	0.48	0.48	0.48	0.48	0.48	0.48	0.48	0.48	0.48	0.48	0.48	0.48	0.48	0.48	0.48	0.48	0.48	0.48	0.48	0.48	0.49	0.49	0.49	0.49	0.50	0.51	0.51	0.52	0.53	0.54	0.56	0.57	0.58	0.60	0.62	0.64	0.66	0.68	0.70	0.72	0.74	0.77	0.79	0.81	0.82	0.84	0.86	0.88	0.88	0.87	0.87	0.87	0.87	0.86	0.84	0.83	0.81	0.80	0.71	0.62	0.54	0.45	0.36	0.27	0.17	0.08	0.98	0.89	0.76	0.64	0.51	0.39	0.26	0.14	0.03	0.91	0.79	0.67	0.58	0.49	0.40	0.31	0.22	0.12	0.02	0.92	0.82	0.72	0.65	0.57	0.50	0.42	0.35	0.28	0.21	0.14	0.08	0.01	0.95	0.89	0.82	0.76	0.70	0.65	0.60	0.56	0.51	0.46	0.43	0.39	0.36	0.32	0.29	0.27	0.24	0.22	0.19	0.17	0.15	0.14	0.12	0.11	0.09	0.08	0.08	0.07	0.07	0.06	0.06	0.06	0.06	0.06	0.06	0.06	0.06	0.06	0.06	0.06	0.06	0.06	0.06	0.06	0.06	0.06	0.06	0.06	0.06	0.06	0.06	0.06	0.06	0.06	0.06	0.06	0.06	0.06	0.06	0.06	0.06	0.06	0.06	0.06	0.06	0.06	0.06	0.06	0.06	0.06	0.06	0.06	0.06	0.06	0.06	0.06	0.06	0.06	0.06	0.06	0.06	0.06	0.06	0.06	0.06	0.06	0.06	0.06	0.06	0.06	0.06	0.06	0.06	0.06	0.06	0.06	0.06	0.06	0.06	0.06
;
 
 
